1	1
1	2
1	3
1	4
1	5
2	1
2	2
3	1
3	2
4	1
4	2
5	1
5	2
5	3
5	4
6	1
6	2
7	1
7	2
7	3
7	4
9	1
9	2
9	3
9	4
10	1
10	2
11	1
11	2
12	1
12	2
12	3
12	4
12	5
13	1
13	2
13	3
15	1
15	2
15	3
15	4
16	1
16	2
16	3
16	4
16	5
17	1
17	2
17	3
17	4
18	1
18	2
18	3
18	4
20	1
20	2
20	3
21	1
23	1
23	2
23	3
24	1
24	2
24	3
24	4
24	5
25	1
26	1
26	2
27	1
27	2
27	3
27	4
28	1
28	2
29	1
29	2
32	1
32	2
32	3
32	4
32	5
34	1
35	1
35	2
35	3
36	1
37	1
37	2
37	3
37	4
37	5
38	1
38	2
39	1
39	2
39	3
40	1
40	2
41	1
41	2
41	3
42	1
42	2
42	3
42	4
42	5
43	1
43	2
43	3
43	4
43	5
44	1
45	1
45	2
45	3
45	4
46	1
47	1
47	2
47	3
48	1
48	2
48	3
48	4
51	1
51	2
51	3
52	1
52	2
54	1
54	2
54	3
54	4
55	1
55	2
55	3
55	4
56	1
56	2
56	3
56	4
57	1
57	2
57	3
57	4
58	1
58	2
60	1
60	2
61	1
62	1
62	2
63	1
63	2
63	3
64	1
65	1
65	2
65	3
65	4
65	5
66	1
67	1
67	2
68	1
68	2
68	3
68	4
68	5
69	1
69	2
69	3
70	1
70	2
70	3
70	4
71	1
71	2
71	3
71	4
71	5
73	1
73	2
73	3
73	4
73	5
74	1
74	2
74	3
74	4
74	5
75	1
75	2
75	3
75	4
76	1
76	2
77	1
77	2
77	3
77	4
77	5
78	1
78	2
78	3
78	4
79	1
79	2
80	1
80	2
80	3
80	4
81	1
82	1
82	2
82	3
84	1
84	2
85	1
85	2
86	1
86	2
86	3
88	1
90	1
90	2
90	3
90	4
91	1
91	2
91	3
92	1
92	2
92	3
92	4
94	1
95	1
95	2
95	3
95	4
96	1
96	2
96	3
96	4
97	1
97	2
97	3
97	4
97	5
98	1
99	1
99	2
99	3
99	4
100	1
100	2
100	3
100	4
101	1
102	1
102	2
102	3
102	4
103	1
103	2
103	3
106	1
106	2
106	3
106	4
106	5
107	1
107	2
107	3
107	4
108	1
109	1
109	2
109	3
109	4
109	5
110	1
110	2
110	3
111	1
111	2
113	1
114	1
114	2
114	3
114	4
114	5
116	1
116	2
116	3
116	4
117	1
117	2
117	3
117	4
117	5
118	1
118	2
118	3
118	4
121	1
121	2
121	3
121	4
124	1
124	2
124	3
124	4
124	5
125	1
126	1
127	1
127	2
128	1
128	2
128	3
128	4
128	5
129	1
129	2
130	1
130	2
130	3
130	4
130	5
131	1
131	2
132	1
132	2
132	3
133	1
133	2
134	1
134	2
134	3
135	1
135	2
135	3
135	4
135	5
136	1
136	2
136	3
136	4
137	1
137	2
138	1
138	2
139	1
139	2
139	3
139	4
139	5
141	1
141	2
143	1
144	1
144	2
144	3
144	4
144	5
145	1
145	2
145	3
145	4
145	5
146	1
146	2
146	3
146	4
146	5
147	1
149	1
149	2
149	3
149	4
149	5
152	1
153	1
153	2
155	1
156	1
156	2
156	3
157	1
157	2
158	1
158	2
160	1
161	1
161	2
161	3
162	1
162	2
162	3
162	4
163	1
163	2
163	3
164	1
164	2
164	3
165	1
166	1
166	2
166	3
166	4
168	1
168	2
168	3
169	1
169	2
169	3
169	4
170	1
170	2
170	3
170	4
171	1
171	2
172	1
172	2
172	3
172	4
174	1
174	2
174	3
175	1
176	1
176	2
177	1
177	2
177	3
177	4
177	5
178	1
179	1
180	1
180	2
181	1
182	1
184	1
184	2
184	3
184	4
186	1
186	2
186	3
187	1
188	1
188	2
190	1
190	2
190	3
190	4
190	5
191	1
191	2
191	3
191	4
192	1
192	2
192	3
192	4
192	5
193	1
195	1
195	2
195	3
196	1
197	1
198	1
198	2
198	3
198	4
199	1
200	1
201	1
201	2
201	3
202	1
202	2
202	3
202	4
202	5
203	1
204	1
204	2
204	3
204	4
204	5
205	1
206	1
206	2
206	3
206	4
207	1
207	2
207	3
207	4
207	5
208	1
209	1
210	1
211	1
212	1
212	2
214	1
214	2
215	1
215	2
216	1
216	2
216	3
216	4
217	1
217	2
218	1
218	2
219	1
219	2
220	1
220	2
220	3
221	1
222	1
222	2
222	3
222	4
222	5
223	1
224	1
224	2
225	1
225	2
225	3
225	4
225	5
226	1
227	1
228	1
228	2
229	1
229	2
229	3
229	4
229	5
230	1
230	2
230	3
230	4
230	5
231	1
231	2
231	3
231	4
231	5
233	1
234	1
234	2
234	3
234	4
234	5
235	1
235	2
235	3
236	1
236	2
236	3
236	4
236	5
237	1
237	2
237	3
238	1
238	2
238	3
238	4
239	1
239	2
240	1
240	2
240	3
241	1
241	2
241	3
241	4
243	1
243	2
243	3
243	4
243	5
244	1
245	1
245	2
245	3
245	4
247	1
247	2
247	3
247	4
249	1
250	1
250	2
250	3
250	4
251	1
251	2
251	3
251	4
251	5
252	1
252	2
254	1
254	2
254	3
254	4
255	1
255	2
255	3
255	4
257	1
257	2
257	3
257	4
257	5
258	1
258	2
258	3
258	4
258	5
259	1
259	2
259	3
259	4
259	5
260	1
260	2
260	3
260	4
261	1
261	2
261	3
261	4
263	1
263	2
263	3
263	4
264	1
264	2
264	3
264	4
264	5
265	1
265	2
265	3
265	4
266	1
266	2
266	3
267	1
267	2
267	3
267	4
268	1
269	1
269	2
270	1
270	2
270	3
270	4
271	1
271	2
271	3
271	4
271	5
273	1
273	2
273	3
273	4
273	5
274	1
275	1
275	2
275	3
275	4
275	5
276	1
276	2
276	3
276	4
277	1
277	2
277	3
277	4
278	1
281	1
281	2
281	3
281	4
282	1
282	2
282	3
282	4
283	1
283	2
283	3
283	4
284	1
284	2
285	1
285	2
285	3
285	4
287	1
287	2
287	3
287	4
288	1
289	1
289	2
289	3
292	1
292	2
292	3
292	4
294	1
294	2
294	3
294	4
296	1
297	1
297	2
297	3
298	1
298	2
298	3
298	4
299	1
300	1
300	2
300	3
301	1
301	2
301	3
301	4
301	5
302	1
302	2
303	1
303	2
303	3
303	4
303	5
304	1
305	1
305	2
305	3
305	4
305	5
306	1
306	2
306	3
306	4
307	1
307	2
307	3
307	4
308	1
308	2
308	3
308	4
308	5
310	1
310	2
310	3
310	4
311	1
312	1
312	2
312	3
312	4
313	1
313	2
313	3
313	4
314	1
314	2
314	3
316	1
317	1
317	2
318	1
318	2
318	3
319	1
319	2
319	3
319	4
319	5
320	1
320	2
320	3
320	4
320	5
321	1
322	1
323	1
323	2
323	3
323	4
323	5
324	1
324	2
324	3
326	1
326	2
326	3
327	1
327	2
327	3
328	1
328	2
328	3
328	4
328	5
329	1
330	1
330	2
330	3
331	1
331	2
331	3
331	4
331	5
332	1
332	2
332	3
332	4
332	5
333	1
333	2
333	3
333	4
333	5
334	1
334	2
334	3
334	4
335	1
335	2
336	1
336	2
336	3
336	4
336	5
338	1
338	2
338	3
339	1
339	2
340	1
340	2
340	3
340	4
340	5
341	1
341	2
341	3
341	4
342	1
342	2
342	3
342	4
342	5
343	1
343	2
343	3
344	1
344	2
345	1
345	2
346	1
346	2
346	3
348	1
348	2
349	1
349	2
350	1
350	2
350	3
350	4
352	1
352	2
352	3
352	4
353	1
354	1
354	2
355	1
356	1
356	2
356	3
357	1
357	2
357	3
358	1
359	1
359	2
360	1
360	2
361	1
362	1
362	2
362	3
362	4
362	5
363	1
363	2
363	3
363	4
363	5
364	1
364	2
364	3
365	1
365	2
365	3
365	4
366	1
366	2
366	3
367	1
367	2
367	3
368	1
368	2
368	3
368	4
370	1
371	1
371	2
371	3
371	4
372	1
372	2
374	1
375	1
375	2
375	3
375	4
375	5
376	1
376	2
377	1
378	1
378	2
378	3
379	1
379	2
379	3
380	1
380	2
381	1
381	2
381	3
381	4
381	5
382	1
382	2
382	3
384	1
385	1
385	2
385	3
386	1
386	2
386	3
386	4
387	1
387	2
387	3
388	1
388	2
388	3
388	4
388	5
389	1
389	2
389	3
390	1
390	2
390	3
390	4
391	1
391	2
391	3
392	1
393	1
393	2
393	3
393	4
394	1
396	1
396	2
396	3
398	1
398	2
398	3
398	4
399	1
399	2
399	3
399	4
400	1
400	2
400	3
401	1
401	2
402	1
402	2
402	3
402	4
403	1
403	2
403	3
403	4
403	5
404	1
404	2
404	3
404	4
405	1
405	2
405	3
405	4
405	5
406	1
406	2
407	1
407	2
407	3
407	4
407	5
408	1
408	2
408	3
412	1
412	2
412	3
412	4
412	5
413	1
413	2
413	3
413	4
414	1
415	1
415	2
416	1
417	1
417	2
417	3
417	4
417	5
419	1
419	2
420	1
421	1
421	2
422	1
422	2
422	3
422	4
423	1
423	2
423	3
423	4
423	5
424	1
425	1
425	2
425	3
426	1
427	1
427	2
429	1
429	2
429	3
429	4
430	1
432	1
432	2
433	1
433	2
433	3
434	1
434	2
434	3
435	1
435	2
436	1
436	2
437	1
439	1
440	1
440	2
440	3
440	4
441	1
441	2
441	3
441	4
441	5
442	1
442	2
442	3
443	1
444	1
444	2
444	3
445	1
445	2
447	1
447	2
448	1
449	1
449	2
449	3
450	1
450	2
450	3
450	4
452	1
452	2
452	3
452	4
453	1
454	1
454	2
454	3
455	1
455	2
455	3
455	4
455	5
456	1
456	2
456	3
456	4
457	1
458	1
458	2
458	3
458	4
459	1
460	1
460	2
460	3
460	4
460	5
461	1
462	1
462	2
462	3
462	4
462	5
466	1
466	2
467	1
467	2
469	1
469	2
470	1
470	2
471	1
471	2
471	3
472	1
472	2
473	1
473	2
473	3
473	4
473	5
475	1
476	1
476	2
476	3
476	4
478	1
478	2
478	3
478	4
478	5
480	1
480	2
480	3
483	1
484	1
484	2
484	3
484	4
488	1
488	2
488	3
488	4
489	1
489	2
490	1
490	2
490	3
490	4
491	1
491	2
492	1
492	2
492	3
493	1
493	2
493	3
493	4
493	5
494	1
494	2
494	3
494	4
494	5
496	1
497	1
497	2
498	1
498	2
498	3
498	4
499	1
499	2
500	1
500	2
501	1
501	2
501	3
502	1
502	2
502	3
502	4
503	1
503	2
505	1
505	2
506	1
506	2
506	3
507	1
508	1
508	2
508	3
508	4
508	5
510	1
511	1
511	2
511	3
511	4
512	1
513	1
513	2
513	3
513	4
515	1
515	2
515	3
515	4
516	1
517	1
517	2
517	3
517	4
518	1
518	2
519	1
520	1
522	1
524	1
524	2
524	3
524	4
524	5
525	1
525	2
525	3
526	1
526	2
527	1
527	2
527	3
527	4
527	5
528	1
528	2
528	3
528	4
529	1
529	2
530	1
531	1
531	2
531	3
531	4
531	5
532	1
532	2
532	3
532	4
533	1
533	2
533	3
533	4
533	5
534	1
535	1
536	1
536	2
536	3
536	4
537	1
537	2
537	3
538	1
538	2
538	3
538	4
538	5
539	1
539	2
539	3
540	1
540	2
542	1
542	2
542	3
542	4
543	1
543	2
543	3
544	1
544	2
544	3
544	4
544	5
545	1
548	1
549	1
549	2
549	3
549	4
549	5
550	1
550	2
550	3
550	4
550	5
551	1
551	2
551	3
551	4
553	1
553	2
554	1
554	2
555	1
556	1
557	1
557	2
558	1
558	2
558	3
559	1
559	2
559	3
559	4
559	5
560	1
560	2
560	3
560	4
560	5
561	1
561	2
562	1
562	2
564	1
565	1
565	2
566	1
566	2
566	3
566	4
567	1
567	2
567	3
568	1
568	2
568	3
568	4
569	1
570	1
570	2
570	3
570	4
570	5
571	1
571	2
571	3
573	1
574	1
574	2
574	3
577	1
578	1
579	1
579	2
579	3
579	4
579	5
580	1
580	2
580	3
580	4
582	1
582	2
582	3
582	4
583	1
583	2
583	3
584	1
586	1
586	2
586	3
587	1
587	2
587	3
587	4
588	1
588	2
588	3
589	1
589	2
589	3
590	1
592	1
592	2
592	3
593	1
593	2
594	1
594	2
594	3
594	4
596	1
596	2
596	3
596	4
596	5
597	1
597	2
597	3
597	4
598	1
598	2
598	3
598	4
599	1
599	2
599	3
599	4
599	5
600	1
600	2
601	1
603	1
603	2
603	3
604	1
604	2
605	1
605	2
605	3
605	4
606	1
606	2
606	3
606	4
606	5
608	1
608	2
608	3
609	1
609	2
610	1
610	2
610	3
610	4
610	5
614	1
615	1
615	2
615	3
618	1
618	2
618	3
618	4
620	1
620	2
620	3
620	4
620	5
621	1
621	2
621	3
621	4
621	5
622	1
622	2
623	1
623	2
623	3
623	4
623	5
624	1
625	1
625	2
625	3
625	4
626	1
626	2
627	1
627	2
627	3
629	1
629	2
629	3
629	4
629	5
630	1
630	2
630	3
630	4
631	1
631	2
631	3
631	4
632	1
632	2
632	3
633	1
634	1
635	1
635	2
636	1
636	2
636	3
636	4
637	1
637	2
637	3
637	4
637	5
640	1
641	1
641	2
641	3
641	4
643	1
643	2
643	3
644	1
644	2
645	1
646	1
646	2
646	3
646	4
646	5
648	1
648	2
648	3
649	1
649	2
649	3
649	4
650	1
650	2
651	1
652	1
652	2
652	3
652	4
653	1
653	2
653	3
653	4
653	5
654	1
654	2
654	3
655	1
655	2
656	1
657	1
657	2
659	1
660	1
660	2
661	1
661	2
661	3
661	4
663	1
665	1
665	2
665	3
665	4
666	1
666	2
666	3
666	4
666	5
667	1
667	2
668	1
669	1
669	2
670	1
670	2
670	3
671	1
671	2
671	3
672	1
672	2
672	3
673	1
673	2
673	3
673	4
673	5
675	1
675	2
676	1
676	2
676	3
676	4
678	1
678	2
678	3
678	4
678	5
679	1
679	2
679	3
679	4
680	1
680	2
680	3
680	4
681	1
681	2
681	3
681	4
682	1
682	2
683	1
683	2
683	3
683	4
684	1
684	2
684	3
684	4
684	5
685	1
685	2
685	3
685	4
685	5
686	1
686	2
687	1
688	1
688	2
688	3
688	4
688	5
690	1
691	1
691	2
691	3
691	4
692	1
692	2
692	3
692	4
693	1
693	2
694	1
694	2
694	3
694	4
694	5
695	1
695	2
695	3
695	4
696	1
696	2
696	3
697	1
697	2
698	1
698	2
698	3
698	4
698	5
699	1
700	1
701	1
701	2
701	3
701	4
701	5
702	1
702	2
703	1
703	2
703	3
704	1
704	2
704	3
707	1
707	2
707	3
707	4
707	5
708	1
708	2
709	1
709	2
709	3
709	4
709	5
710	1
710	2
710	3
710	4
710	5
711	1
712	1
712	2
712	3
713	1
713	2
713	3
713	4
713	5
714	1
714	2
714	3
714	4
714	5
715	1
715	2
715	3
716	1
716	2
717	1
718	1
720	1
720	2
721	1
721	2
721	3
722	1
722	2
723	1
724	1
724	2
724	3
725	1
725	2
725	3
725	4
725	5
726	1
729	1
729	2
729	3
729	4
729	5
730	1
731	1
731	2
731	3
731	4
731	5
733	1
733	2
733	3
733	4
734	1
734	2
736	1
736	2
736	3
736	4
737	1
737	2
737	3
737	4
737	5
739	1
740	1
740	2
741	1
741	2
742	1
743	1
744	1
744	2
744	3
744	4
745	1
745	2
745	3
745	4
747	1
747	2
747	3
748	1
749	1
749	2
749	3
750	1
750	2
750	3
750	4
750	5
752	1
752	2
752	3
752	4
752	5
753	1
753	2
753	3
754	1
754	2
754	3
754	4
754	5
755	1
755	2
755	3
755	4
756	1
756	2
757	1
757	2
757	3
757	4
757	5
758	1
758	2
758	3
759	1
759	2
759	3
759	4
759	5
760	1
760	2
761	1
763	1
763	2
763	3
765	1
765	2
766	1
766	2
766	3
766	4
767	1
767	2
767	3
768	1
768	2
768	3
770	1
770	2
770	3
770	4
771	1
771	2
771	3
771	4
771	5
772	1
772	2
772	3
774	1
774	2
774	3
775	1
775	2
775	3
775	4
775	5
776	1
776	2
776	3
776	4
777	1
777	2
778	1
778	2
778	3
779	1
780	1
780	2
780	3
780	4
781	1
781	2
781	3
782	1
782	2
782	3
782	4
783	1
786	1
786	2
786	3
786	4
786	5
787	1
787	2
787	3
788	1
788	2
789	1
790	1
790	2
790	3
793	1
793	2
793	3
793	4
794	1
794	2
794	3
794	4
795	1
795	2
795	3
796	1
796	2
796	3
797	1
797	2
798	1
798	2
798	3
799	1
799	2
799	3
799	4
799	5
800	1
800	2
800	3
801	1
801	2
802	1
803	1
803	2
803	3
804	1
804	2
804	3
805	1
806	1
806	2
806	3
807	1
807	2
807	3
807	4
808	1
808	2
812	1
812	2
812	3
812	4
812	5
813	1
813	2
813	3
813	4
813	5
814	1
814	2
815	1
815	2
816	1
816	2
817	1
818	1
818	2
819	1
819	2
819	3
819	4
820	1
820	2
820	3
820	4
821	1
821	2
821	3
822	1
822	2
822	3
822	4
822	5
823	1
823	2
823	3
824	1
824	2
824	3
825	1
825	2
825	3
825	4
825	5
826	1
826	2
828	1
830	1
830	2
830	3
830	4
831	1
832	1
832	2
832	3
833	1
833	2
834	1
834	2
835	1
836	1
836	2
837	1
837	2
840	1
840	2
840	3
840	4
841	1
841	2
841	3
841	4
841	5
842	1
842	2
842	3
842	4
842	5
843	1
844	1
844	2
844	3
845	1
845	2
845	3
845	4
847	1
847	2
847	3
847	4
847	5
848	1
848	2
849	1
851	1
851	2
851	3
852	1
852	2
854	1
854	2
854	3
855	1
855	2
855	3
857	1
857	2
857	3
857	4
857	5
858	1
858	2
858	3
858	4
859	1
859	2
859	3
859	4
862	1
862	2
862	3
863	1
864	1
865	1
865	2
865	3
865	4
865	5
866	1
867	1
867	2
867	3
867	4
868	1
868	2
869	1
871	1
871	2
873	1
873	2
873	3
873	4
874	1
874	2
874	3
875	1
875	2
875	3
876	1
876	2
876	3
876	4
877	1
877	2
877	3
877	4
879	1
879	2
880	1
880	2
881	1
881	2
881	3
881	4
882	1
882	2
882	3
886	1
886	2
886	3
887	1
887	2
887	3
887	4
887	5
888	1
888	2
890	1
891	1
891	2
891	3
891	4
892	1
892	2
892	3
892	4
892	5
893	1
893	2
893	3
894	1
894	2
895	1
895	2
895	3
895	4
895	5
896	1
897	1
897	2
897	3
897	4
899	1
899	2
899	3
900	1
900	2
900	3
900	4
901	1
901	2
901	3
901	4
901	5
902	1
902	2
902	3
902	4
903	1
903	2
905	1
905	2
905	3
907	1
907	2
908	1
908	2
908	3
908	4
908	5
909	1
909	2
909	3
909	4
911	1
911	2
911	3
911	4
911	5
912	1
912	2
912	3
912	4
912	5
913	1
913	2
913	3
915	1
916	1
916	2
916	3
916	4
916	5
917	1
917	2
918	1
918	2
918	3
918	4
919	1
919	2
919	3
919	4
920	1
920	2
920	3
920	4
920	5
921	1
922	1
923	1
925	1
925	2
925	3
925	4
925	5
927	1
928	1
928	2
928	3
930	1
930	2
930	3
930	4
930	5
931	1
931	2
933	1
933	2
933	3
934	1
934	2
934	3
934	4
934	5
935	1
935	2
935	3
935	4
936	1
937	1
937	2
937	3
937	4
938	1
939	1
940	1
941	1
941	2
941	3
941	4
942	1
942	2
942	3
943	1
943	2
943	3
943	4
943	5
944	1
944	2
944	3
944	4
944	5
945	1
946	1
946	2
946	3
946	4
947	1
947	2
947	3
947	4
948	1
949	1
949	2
949	3
949	4
950	1
950	2
950	3
950	4
951	1
951	2
952	1
952	2
952	3
952	4
952	5
953	1
953	2
954	1
955	1
955	2
955	3
955	4
955	5
956	1
956	2
956	3
957	1
957	2
957	3
957	4
958	1
958	2
958	3
958	4
958	5
960	1
960	2
960	3
960	4
961	1
962	1
962	2
962	3
962	4
962	5
963	1
965	1
965	2
966	1
967	1
967	2
967	3
967	4
967	5
968	1
968	2
968	3
968	4
968	5
970	1
970	2
970	3
971	1
971	2
971	3
971	4
971	5
972	1
972	2
972	3
972	4
972	5
973	1
973	2
973	3
973	4
973	5
974	1
974	2
974	3
974	4
975	1
975	2
975	3
976	1
976	2
976	3
977	1
977	2
977	3
977	4
978	1
978	2
978	3
979	1
979	2
979	3
980	1
980	2
980	3
981	1
981	2
981	3
982	1
982	2
983	1
983	2
983	3
984	1
984	2
984	3
984	4
984	5
985	1
985	2
985	3
986	1
986	2
986	3
986	4
986	5
987	1
989	1
989	2
991	1
991	2
991	3
991	4
992	1
992	2
992	3
992	4
992	5
994	1
994	2
994	3
994	4
994	5
995	1
995	2
996	1
997	1
997	2
998	1
999	1
999	2
1000	1
1000	2
1000	3
1000	4
1001	1
1001	2
1001	3
1001	4
1001	5
1002	1
1002	2
1002	3
1002	4
1003	1
1003	2
1003	3
1003	4
1005	1
1005	2
1007	1
1007	2
1008	1
1008	2
1008	3
1008	4
1008	5
1010	1
1010	2
1010	3
1010	4
1011	1
1011	2
1011	3
1012	1
1012	2
1013	1
1013	2
1014	1
1014	2
1014	3
1015	1
1015	2
1015	3
1015	4
1015	5
1016	1
1016	2
1016	3
1016	4
1017	1
1017	2
1017	3
1017	4
1019	1
1019	2
1019	3
1019	4
1020	1
1021	1
1021	2
1021	3
1021	4
1022	1
1022	2
1022	3
1025	1
1025	2
1025	3
1025	4
1025	5
1026	1
1026	2
1026	3
1027	1
1027	2
1028	1
1028	2
1030	1
1031	1
1031	2
1033	1
1033	2
1035	1
1035	2
1035	3
1035	4
1035	5
1037	1
1037	2
1037	3
1037	4
1037	5
1038	1
1039	1
1039	2
1039	3
1039	4
1039	5
1041	1
1041	2
1041	3
1041	4
1042	1
1042	2
1042	3
1042	4
1042	5
1043	1
1043	2
1043	3
1044	1
1044	2
1044	3
1044	4
1044	5
1045	1
1045	2
1046	1
1046	2
1046	3
1046	4
1046	5
1047	1
1047	2
1047	3
1047	4
1048	1
1048	2
1048	3
1048	4
1048	5
1049	1
1049	2
1049	3
1049	4
1049	5
1050	1
1050	2
1052	1
1052	2
1052	3
1053	1
1053	2
1053	3
1053	4
1053	5
1054	1
1054	2
1054	3
1054	4
1056	1
1056	2
1057	1
1057	2
1057	3
1057	4
1058	1
1058	2
1058	3
1058	4
1059	1
1059	2
1060	1
1060	2
1061	1
1061	2
1062	1
1062	2
1062	3
1063	1
1063	2
1063	3
1063	4
1064	1
1065	1
1066	1
1066	2
1066	3
1066	4
1066	5
1067	1
1067	2
1067	3
1067	4
1067	5
1068	1
1068	2
1068	3
1068	4
1070	1
1070	2
1070	3
1071	1
1071	2
1071	3
1071	4
1072	1
1072	2
1074	1
1074	2
1075	1
1075	2
1077	1
1077	2
1077	3
1077	4
1077	5
1078	1
1078	2
1078	3
1078	4
1079	1
1079	2
1080	1
1080	2
1080	3
1081	1
1082	1
1082	2
1082	3
1082	4
1082	5
1083	1
1083	2
1083	3
1084	1
1084	2
1084	3
1084	4
1085	1
1086	1
1086	2
1086	3
1086	4
1087	1
1087	2
1087	3
1088	1
1088	2
1089	1
1089	2
1090	1
1090	2
1091	1
1091	2
1092	1
1092	2
1093	1
1093	2
1093	3
1094	1
1094	2
1095	1
1095	2
1097	1
1098	1
1098	2
1099	1
1099	2
1099	3
1099	4
1099	5
1100	1
1100	2
1100	3
1100	4
1101	1
1101	2
1102	1
1102	2
1102	3
1102	4
1103	1
1103	2
1103	3
1103	4
1105	1
1106	1
1106	2
1106	3
1106	4
1107	1
1107	2
1108	1
1108	2
1110	1
1110	2
1110	3
1110	4
1110	5
1111	1
1111	2
1111	3
1112	1
1113	1
1113	2
1113	3
1115	1
1115	2
1116	1
1116	2
1117	1
1118	1
1118	2
1118	3
1118	4
1120	1
1120	2
1120	3
1121	1
1121	2
1122	1
1122	2
1122	3
1122	4
1122	5
1124	1
1124	2
1124	3
1124	4
1124	5
1125	1
1125	2
1125	3
1125	4
1126	1
1126	2
1127	1
1127	2
1127	3
1127	4
1128	1
1129	1
1129	2
1131	1
1131	2
1131	3
1131	4
1132	1
1132	2
1132	3
1136	1
1136	2
1137	1
1137	2
1137	3
1138	1
1138	2
1139	1
1140	1
1140	2
1140	3
1142	1
1142	2
1142	3
1144	1
1145	1
1145	2
1145	3
1145	4
1146	1
1146	2
1147	1
1147	2
1149	1
1149	2
1149	3
1149	4
1150	1
1150	2
1150	3
1152	1
1152	2
1152	3
1152	4
1153	1
1154	1
1154	2
1154	3
1154	4
1154	5
1155	1
1155	2
1155	3
1155	4
1155	5
1156	1
1156	2
1156	3
1156	4
1156	5
1157	1
1158	1
1158	2
1158	3
1158	4
1159	1
1159	2
1160	1
1160	2
1160	3
1160	4
1161	1
1161	2
1162	1
1163	1
1164	1
1165	1
1165	2
1165	3
1168	1
1168	2
1169	1
1169	2
1169	3
1171	1
1171	2
1171	3
1171	4
1172	1
1172	2
1172	3
1173	1
1173	2
1173	3
1174	1
1174	2
1174	3
1175	1
1177	1
1178	1
1178	2
1178	3
1178	4
1178	5
1179	1
1179	2
1181	1
1181	2
1181	3
1181	4
1182	1
1183	1
1183	2
1184	1
1185	1
1185	2
1186	1
1187	1
1188	1
1189	1
1189	2
1190	1
1190	2
1190	3
1191	1
1191	2
1191	3
1192	1
1192	2
1192	3
1192	4
1192	5
1193	1
1194	1
1194	2
1194	3
1194	4
1194	5
1196	1
1196	2
1196	3
1196	4
1196	5
1197	1
1197	2
1198	1
1198	2
1198	3
1198	4
1199	1
1199	2
1199	3
1199	4
1200	1
1200	2
1200	3
1201	1
1201	2
1201	3
1201	4
1202	1
1203	1
1203	2
1203	3
1203	4
1204	1
1205	1
1205	2
1206	1
1206	2
1206	3
1207	1
1207	2
1208	1
1208	2
1208	3
1209	1
1209	2
1209	3
1210	1
1210	2
1212	1
1212	2
1212	3
1212	4
1213	1
1213	2
1213	3
1214	1
1214	2
1214	3
1215	1
1215	2
1215	3
1215	4
1217	1
1217	2
1217	3
1218	1
1218	2
1219	1
1219	2
1219	3
1219	4
1219	5
1220	1
1220	2
1221	1
1221	2
1222	1
1222	2
1222	3
1222	4
1222	5
1224	1
1224	2
1224	3
1224	4
1224	5
1225	1
1225	2
1225	3
1226	1
1226	2
1227	1
1227	2
1228	1
1228	2
1228	3
1228	4
1228	5
1229	1
1229	2
1229	3
1229	4
1229	5
1230	1
1231	1
1231	2
1232	1
1232	2
1232	3
1233	1
1233	2
1233	3
1233	4
1233	5
1234	1
1234	2
1235	1
1235	2
1235	3
1235	4
1236	1
1236	2
1236	3
1236	4
1236	5
1239	1
1239	2
1239	3
1240	1
1240	2
1240	3
1240	4
1240	5
1241	1
1241	2
1241	3
1241	4
1242	1
1242	2
1242	3
1242	4
1243	1
1243	2
1244	1
1244	2
1244	3
1244	4
1245	1
1245	2
1245	3
1246	1
1246	2
1247	1
1247	2
1247	3
1247	4
1247	5
1248	1
1249	1
1249	2
1249	3
1249	4
1249	5
1250	1
1250	2
1250	3
1250	4
1251	1
1252	1
1252	2
1254	1
1254	2
1254	3
1254	4
1255	1
1255	2
1256	1
1256	2
1256	3
1257	1
1257	2
1259	1
1259	2
1259	3
1259	4
1260	1
1260	2
1260	3
1262	1
1262	2
1263	1
1263	2
1263	3
1263	4
1265	1
1265	2
1266	1
1268	1
1268	2
1268	3
1268	4
1268	5
1269	1
1269	2
1269	3
1270	1
1270	2
1270	3
1270	4
1271	1
1271	2
1271	3
1271	4
1272	1
1272	2
1272	3
1272	4
1274	1
1274	2
1274	3
1275	1
1275	2
1275	3
1275	4
1275	5
1277	1
1277	2
1278	1
1279	1
1279	2
1280	1
1280	2
1280	3
1280	4
1281	1
1282	1
1282	2
1282	3
1283	1
1283	2
1283	3
1283	4
1284	1
1284	2
1285	1
1285	2
1285	3
1285	4
1285	5
1286	1
1286	2
1287	1
1287	2
1287	3
1287	4
1287	5
1288	1
1288	2
1288	3
1289	1
1290	1
1290	2
1291	1
1291	2
1291	3
1291	4
1292	1
1292	2
1292	3
1293	1
1293	2
1293	3
1294	1
1294	2
1294	3
1295	1
1296	1
1296	2
1296	3
1296	4
1296	5
1297	1
1297	2
1297	3
1297	4
1297	5
1300	1
1300	2
1301	1
1301	2
1301	3
1301	4
1302	1
1303	1
1304	1
1304	2
1304	3
1305	1
1305	2
1305	3
1306	1
1306	2
1306	3
1306	4
1307	1
1307	2
1308	1
1308	2
1309	1
1309	2
1309	3
1310	1
1310	2
1310	3
1310	4
1311	1
1311	2
1311	3
1313	1
1313	2
1313	3
1314	1
1314	2
1314	3
1314	4
1315	1
1315	2
1315	3
1316	1
1316	2
1317	1
1317	2
1317	3
1320	1
1320	2
1320	3
1320	4
1320	5
1321	1
1321	2
1321	3
1321	4
1322	1
1324	1
1324	2
1324	3
1324	4
1324	5
1325	1
1325	2
1326	1
1326	2
1326	3
1327	1
1327	2
1328	1
1328	2
1331	1
1332	1
1333	1
1333	2
1334	1
1334	2
1334	3
1334	4
1334	5
1335	1
1335	2
1335	3
1337	1
1338	1
1338	2
1338	3
1338	4
1339	1
1340	1
1340	2
1340	3
1340	4
1342	1
1342	2
1342	3
1342	4
1343	1
1343	2
1343	3
1344	1
1344	2
1344	3
1344	4
1345	1
1345	2
1345	3
1345	4
1346	1
1348	1
1349	1
1349	2
1350	1
1350	2
1350	3
1351	1
1351	2
1353	1
1354	1
1354	2
1355	1
1356	1
1356	2
1356	3
1357	1
1357	2
1358	1
1360	1
1360	2
1360	3
1360	4
1362	1
1364	1
1364	2
1364	3
1364	4
1364	5
1365	1
1365	2
1367	1
1367	2
1367	3
1367	4
1367	5
1368	1
1368	2
1368	3
1368	4
1369	1
1369	2
1369	3
1371	1
1371	2
1371	3
1371	4
1371	5
1372	1
1373	1
1373	2
1375	1
1375	2
1375	3
1375	4
1375	5
1376	1
1376	2
1376	3
1376	4
1376	5
1377	1
1377	2
1377	3
1377	4
1377	5
1378	1
1378	2
1379	1
1379	2
1379	3
1379	4
1380	1
1381	1
1381	2
1382	1
1382	2
1382	3
1382	4
1382	5
1384	1
1384	2
1385	1
1385	2
1385	3
1386	1
1386	2
1386	3
1386	4
1386	5
1388	1
1388	2
1388	3
1389	1
1389	2
1390	1
1390	2
1390	3
1390	4
1390	5
1391	1
1391	2
1391	3
1391	4
1392	1
1392	2
1392	3
1393	1
1393	2
1395	1
1395	2
1395	3
1396	1
1396	2
1396	3
1397	1
1397	2
1397	3
1397	4
1397	5
1398	1
1398	2
1398	3
1399	1
1399	2
1399	3
1399	4
1400	1
1400	2
1400	3
1401	1
1401	2
1403	1
1403	2
1403	3
1403	4
1403	5
1404	1
1405	1
1405	2
1408	1
1409	1
1410	1
1410	2
1411	1
1411	2
1411	3
1411	4
1412	1
1412	2
1412	3
1412	4
1413	1
1413	2
1413	3
1414	1
1415	1
1416	1
1416	2
1416	3
1417	1
1417	2
1419	1
1419	2
1419	3
1419	4
1420	1
1420	2
1422	1
1422	2
1422	3
1422	4
1423	1
1423	2
1423	3
1425	1
1425	2
1426	1
1426	2
1427	1
1427	2
1429	1
1429	2
1430	1
1430	2
1430	3
1431	1
1432	1
1432	2
1433	1
1433	2
1433	3
1433	4
1435	1
1436	1
1437	1
1437	2
1437	3
1437	4
1438	1
1439	1
1441	1
1441	2
1442	1
1442	2
1443	1
1443	2
1444	1
1444	2
1444	3
1445	1
1445	2
1445	3
1445	4
1448	1
1448	2
1448	3
1449	1
1449	2
1449	3
1449	4
1450	1
1450	2
1450	3
1450	4
1452	1
1453	1
1453	2
1454	1
1457	1
1458	1
1458	2
1458	3
1459	1
1460	1
1460	2
1460	3
1460	4
1460	5
1462	1
1462	2
1462	3
1462	4
1462	5
1463	1
1463	2
1464	1
1464	2
1464	3
1465	1
1466	1
1467	1
1467	2
1468	1
1468	2
1469	1
1469	2
1469	3
1469	4
1470	1
1471	1
1472	1
1472	2
1474	1
1475	1
1475	2
1475	3
1475	4
1476	1
1476	2
1476	3
1476	4
1476	5
1477	1
1477	2
1478	1
1479	1
1479	2
1479	3
1479	4
1481	1
1482	1
1482	2
1482	3
1482	4
1482	5
1483	1
1483	2
1483	3
1483	4
1483	5
1484	1
1484	2
1484	3
1486	1
1486	2
1486	3
1486	4
1486	5
1487	1
1487	2
1487	3
1487	4
1488	1
1489	1
1489	2
1489	3
1489	4
1491	1
1491	2
1491	3
1491	4
1491	5
1496	1
1496	2
1496	3
1496	4
1496	5
1497	1
1497	2
1497	3
1497	4
1498	1
1498	2
1498	3
1499	1
1499	2
1499	3
1499	4
1500	1
1500	2
1500	3
1500	4
1500	5
1501	1
1501	2
1501	3
1502	1
1502	2
1502	3
1503	1
1503	2
1503	3
1504	1
1504	2
1504	3
1504	4
1505	1
1505	2
1505	3
1508	1
1508	2
1508	3
1509	1
1509	2
1509	3
1509	4
1510	1
1511	1
1511	2
1511	3
1511	4
1512	1
1512	2
1514	1
1514	2
1514	3
1515	1
1515	2
1517	1
1517	2
1517	3
1518	1
1518	2
1518	3
1519	1
1519	2
1519	3
1519	4
1519	5
1520	1
1520	2
1520	3
1520	4
1522	1
1523	1
1523	2
1523	3
1523	4
1524	1
1524	2
1524	3
1526	1
1526	2
1526	3
1526	4
1526	5
1527	1
1528	1
1528	2
1528	3
1529	1
1529	2
1529	3
1530	1
1530	2
1530	3
1530	4
1531	1
1531	2
1531	3
1531	4
1531	5
1532	1
1532	2
1532	3
1532	4
1533	1
1533	2
1533	3
1533	4
1534	1
1534	2
1534	3
1534	4
1534	5
1535	1
1536	1
1536	2
1537	1
1537	2
1537	3
1538	1
1538	2
1539	1
1540	1
1540	2
1540	3
1540	4
1541	1
1541	2
1541	3
1541	4
1542	1
1542	2
1542	3
1542	4
1542	5
1543	1
1543	2
1543	3
1543	4
1543	5
1545	1
1545	2
1545	3
1545	4
1546	1
1547	1
1547	2
1548	1
1548	2
1548	3
1548	4
1548	5
1549	1
1549	2
1549	3
1550	1
1550	2
1550	3
1550	4
1552	1
1552	2
1552	3
1552	4
1552	5
1553	1
1553	2
1553	3
1553	4
1554	1
1554	2
1554	3
1555	1
1555	2
1555	3
1555	4
1555	5
1556	1
1556	2
1556	3
1556	4
1557	1
1557	2
1557	3
1558	1
1558	2
1558	3
1558	4
1559	1
1559	2
1561	1
1561	2
1562	1
1562	2
1562	3
1562	4
1563	1
1564	1
1564	2
1564	3
1564	4
1565	1
1565	2
1565	3
1565	4
1566	1
1566	2
1566	3
1566	4
1566	5
1569	1
1569	2
1569	3
1570	1
1570	2
1572	1
1572	2
1573	1
1573	2
1575	1
1575	2
1575	3
1575	4
1576	1
1577	1
1577	2
1578	1
1578	2
1579	1
1579	2
1579	3
1580	1
1581	1
1581	2
1581	3
1581	4
1582	1
1582	2
1582	3
1582	4
1582	5
1583	1
1583	2
1583	3
1583	4
1583	5
1585	1
1585	2
1585	3
1585	4
1585	5
1586	1
1586	2
1586	3
1586	4
1587	1
1587	2
1588	1
1588	2
1588	3
1588	4
1589	1
1589	2
1592	1
1592	2
1592	3
1592	4
1592	5
1593	1
1593	2
1593	3
1593	4
1594	1
1594	2
1595	1
1595	2
1595	3
1595	4
1595	5
1596	1
1596	2
1596	3
1597	1
1597	2
1597	3
1597	4
1597	5
1598	1
1599	1
1599	2
1599	3
1599	4
1599	5
1600	1
1600	2
1600	3
1600	4
1601	1
1601	2
1601	3
1601	4
1601	5
1602	1
1602	2
1602	3
1602	4
1603	1
1605	1
1605	2
1605	3
1606	1
1607	1
1607	2
1607	3
1608	1
1608	2
1609	1
1609	2
1609	3
1609	4
1613	1
1613	2
1614	1
1615	1
1615	2
1615	3
1615	4
1615	5
1616	1
1616	2
1617	1
1617	2
1618	1
1618	2
1618	3
1619	1
1619	2
1619	3
1619	4
1619	5
1620	1
1620	2
1620	3
1622	1
1622	2
1622	3
1623	1
1623	2
1623	3
1623	4
1623	5
1624	1
1624	2
1624	3
1624	4
1625	1
1626	1
1626	2
1626	3
1626	4
1627	1
1627	2
1627	3
1627	4
1627	5
1629	1
1629	2
1629	3
1630	1
1631	1
1631	2
1631	3
1631	4
1633	1
1633	2
1635	1
1635	2
1635	3
1637	1
1637	2
1637	3
1637	4
1638	1
1639	1
1641	1
1641	2
1641	3
1641	4
1641	5
1642	1
1642	2
1642	3
1642	4
1642	5
1643	1
1643	2
1644	1
1644	2
1644	3
1645	1
1645	2
1646	1
1647	1
1648	1
1649	1
1650	1
1650	2
1650	3
1651	1
1651	2
1651	3
1651	4
1651	5
1652	1
1652	2
1652	3
1653	1
1653	2
1653	3
1654	1
1654	2
1656	1
1656	2
1656	3
1656	4
1658	1
1658	2
1658	3
1658	4
1658	5
1659	1
1659	2
1659	3
1659	4
1660	1
1660	2
1660	3
1660	4
1661	1
1662	1
1662	2
1662	3
1664	1
1664	2
1664	3
1664	4
1664	5
1667	1
1667	2
1667	3
1667	4
1667	5
1668	1
1669	1
1670	1
1670	2
1671	1
1671	2
1671	3
1672	1
1672	2
1672	3
1672	4
1673	1
1673	2
1673	3
1673	4
1674	1
1674	2
1674	3
1674	4
1676	1
1676	2
1676	3
1676	4
1679	1
1679	2
1679	3
1680	1
1680	2
1680	3
1680	4
1681	1
1681	2
1681	3
1681	4
1681	5
1684	1
1684	2
1686	1
1686	2
1686	3
1687	1
1687	2
1687	3
1687	4
1689	1
1689	2
1689	3
1689	4
1689	5
1690	1
1690	2
1690	3
1690	4
1691	1
1691	2
1691	3
1692	1
1692	2
1693	1
1693	2
1694	1
1694	2
1696	1
1696	2
1696	3
1696	4
1696	5
1697	1
1697	2
1697	3
1697	4
1697	5
1698	1
1698	2
1698	3
1699	1
1699	2
1699	3
1700	1
1700	2
1700	3
1701	1
1701	2
1701	3
1701	4
1702	1
1702	2
1702	3
1702	4
1703	1
1704	1
1705	1
1705	2
1705	3
1705	4
1705	5
1706	1
1707	1
1707	2
1707	3
1707	4
1707	5
1708	1
1708	2
1708	3
1709	1
1709	2
1710	1
1711	1
1711	2
1711	3
1713	1
1713	2
1713	3
1714	1
1715	1
1715	2
1716	1
1716	2
1716	3
1716	4
1717	1
1720	1
1720	2
1720	3
1721	1
1721	2
1722	1
1722	2
1722	3
1722	4
1724	1
1724	2
1725	1
1725	2
1725	3
1727	1
1727	2
1728	1
1728	2
1728	3
1728	4
1729	1
1729	2
1730	1
1730	2
1730	3
1730	4
1730	5
1731	1
1731	2
1731	3
1732	1
1732	2
1733	1
1733	2
1733	3
1733	4
1733	5
1734	1
1734	2
1734	3
1735	1
1735	2
1735	3
1735	4
1736	1
1736	2
1736	3
1737	1
1738	1
1738	2
1738	3
1739	1
1740	1
1740	2
1740	3
1740	4
1741	1
1742	1
1742	2
1742	3
1742	4
1742	5
1743	1
1743	2
1744	1
1744	2
1745	1
1745	2
1745	3
1745	4
1746	1
1746	2
1746	3
1746	4
1747	1
1747	2
1747	3
1747	4
1749	1
1749	2
1749	3
1749	4
1749	5
1751	1
1751	2
1751	3
1751	4
1751	5
1752	1
1752	2
1752	3
1752	4
1754	1
1754	2
1754	3
1755	1
1755	2
1755	3
1757	1
1757	2
1757	3
1757	4
1759	1
1759	2
1760	1
1760	2
1760	3
1761	1
1761	2
1761	3
1761	4
1764	1
1764	2
1764	3
1765	1
1765	2
1765	3
1767	1
1767	2
1767	3
1767	4
1767	5
1768	1
1768	2
1768	3
1768	4
1768	5
1769	1
1770	1
1770	2
1770	3
1772	1
1772	2
1773	1
1773	2
1773	3
1773	4
1774	1
1774	2
1774	3
1774	4
1775	1
1775	2
1775	3
1776	1
1776	2
1776	3
1777	1
1778	1
1778	2
1780	1
1780	2
1781	1
1781	2
1781	3
1782	1
1782	2
1782	3
1783	1
1783	2
1783	3
1783	4
1784	1
1784	2
1784	3
1784	4
1784	5
1785	1
1785	2
1785	3
1785	4
1786	1
1786	2
1786	3
1786	4
1787	1
1787	2
1787	3
1787	4
1788	1
1788	2
1788	3
1788	4
1788	5
1789	1
1789	2
1789	3
1789	4
1789	5
1792	1
1792	2
1792	3
1793	1
1793	2
1794	1
1794	2
1794	3
1795	1
1795	2
1795	3
1795	4
1796	1
1797	1
1797	2
1797	3
1798	1
1798	2
1798	3
1798	4
1799	1
1801	1
1801	2
1802	1
1802	2
1802	3
1802	4
1803	1
1803	2
1803	3
1803	4
1804	1
1805	1
1805	2
1805	3
1806	1
1806	2
1806	3
1807	1
1808	1
1809	1
1809	2
1810	1
1810	2
1810	3
1813	1
1813	2
1813	3
1813	4
1814	1
1815	1
1815	2
1815	3
1815	4
1816	1
1816	2
1816	3
1818	1
1818	2
1818	3
1818	4
1819	1
1819	2
1819	3
1820	1
1820	2
1820	3
1820	4
1820	5
1823	1
1823	2
1824	1
1824	2
1825	1
1825	2
1826	1
1826	2
1826	3
1826	4
1827	1
1827	2
1827	3
1829	1
1829	2
1829	3
1829	4
1829	5
1830	1
1830	2
1830	3
1830	4
1830	5
1831	1
1831	2
1831	3
1831	4
1832	1
1832	2
1832	3
1832	4
1833	1
1833	2
1833	3
1833	4
1835	1
1835	2
1835	3
1835	4
1837	1
1837	2
1839	1
1839	2
1840	1
1840	2
1841	1
1841	2
1841	3
1841	4
1841	5
1843	1
1844	1
1844	2
1845	1
1845	2
1845	3
1846	1
1846	2
1846	3
1846	4
1848	1
1848	2
1848	3
1848	4
1848	5
1849	1
1849	2
1849	3
1849	4
1851	1
1851	2
1851	3
1852	1
1852	2
1852	3
1852	4
1852	5
1853	1
1853	2
1853	3
1854	1
1854	2
1855	1
1855	2
1855	3
1855	4
1855	5
1856	1
1856	2
1856	3
1856	4
1857	1
1857	2
1857	3
1858	1
1858	2
1860	1
1861	1
1862	1
1862	2
1863	1
1863	2
1864	1
1865	1
1865	2
1865	3
1865	4
1867	1
1867	2
1867	3
1868	1
1869	1
1869	2
1869	3
1870	1
1870	2
1870	3
1870	4
1870	5
1872	1
1872	2
1872	3
1872	4
1873	1
1873	2
1873	3
1873	4
1873	5
1876	1
1877	1
1877	2
1877	3
1877	4
1877	5
1878	1
1878	2
1879	1
1879	2
1880	1
1881	1
1881	2
1882	1
1882	2
1882	3
1882	4
1882	5
1883	1
1883	2
1883	3
1885	1
1885	2
1885	3
1885	4
1885	5
1886	1
1886	2
1886	3
1886	4
1886	5
1887	1
1887	2
1887	3
1887	4
1888	1
1888	2
1888	3
1888	4
1888	5
1889	1
1889	2
1889	3
1889	4
1889	5
1890	1
1890	2
1890	3
1890	4
1890	5
1891	1
1891	2
1891	3
1892	1
1892	2
1892	3
1892	4
1892	5
1893	1
1894	1
1895	1
1895	2
1895	3
1896	1
1896	2
1896	3
1896	4
1896	5
1897	1
1897	2
1897	3
1897	4
1898	1
1899	1
1899	2
1899	3
1899	4
1899	5
1900	1
1900	2
1900	3
1900	4
1900	5
1901	1
1901	2
1901	3
1901	4
1902	1
1902	2
1902	3
1902	4
1903	1
1903	2
1903	3
1903	4
1903	5
1904	1
1905	1
1905	2
1905	3
1907	1
1908	1
1908	2
1908	3
1909	1
1909	2
1909	3
1909	4
1909	5
1910	1
1910	2
1910	3
1910	4
1911	1
1911	2
1911	3
1911	4
1911	5
1912	1
1914	1
1914	2
1915	1
1915	2
1915	3
1915	4
1917	1
1917	2
1918	1
1919	1
1919	2
1919	3
1920	1
1920	2
1920	3
1920	4
1920	5
1921	1
1921	2
1921	3
1922	1
1922	2
1922	3
1923	1
1923	2
1923	3
1923	4
1924	1
1924	2
1924	3
1924	4
1924	5
1925	1
1925	2
1925	3
1927	1
1927	2
1928	1
1929	1
1929	2
1929	3
1930	1
1930	2
1930	3
1930	4
1931	1
1931	2
1931	3
1931	4
1932	1
1934	1
1934	2
1935	1
1935	2
1935	3
1935	4
1935	5
1936	1
1936	2
1937	1
1937	2
1937	3
1937	4
1937	5
1938	1
1938	2
1938	3
1938	4
1939	1
1939	2
1939	3
1939	4
1939	5
1940	1
1940	2
1942	1
1942	2
1942	3
1943	1
1943	2
1944	1
1944	2
1944	3
1944	4
1944	5
1945	1
1945	2
1945	3
1946	1
1946	2
1947	1
1947	2
1948	1
1948	2
1949	1
1949	2
1950	1
1952	1
1952	2
1952	3
1953	1
1954	1
1954	2
1954	3
1954	4
1954	5
1955	1
1955	2
1955	3
1955	4
1955	5
1956	1
1958	1
1958	2
1958	3
1958	4
1959	1
1959	2
1960	1
1960	2
1961	1
1963	1
1964	1
1964	2
1964	3
1967	1
1969	1
1969	2
1969	3
1969	4
1969	5
1970	1
1970	2
1970	3
1971	1
1971	2
1971	3
1971	4
1972	1
1972	2
1974	1
1974	2
1974	3
1974	4
1975	1
1975	2
1976	1
1976	2
1976	3
1978	1
1978	2
1978	3
1978	4
1978	5
1980	1
1980	2
1980	3
1980	4
1981	1
1981	2
1981	3
1982	1
1982	2
1982	3
1982	4
1983	1
1983	2
1983	3
1984	1
1984	2
1985	1
1985	2
1985	3
1985	4
1986	1
1986	2
1986	3
1986	4
1986	5
1987	1
1987	2
1987	3
1987	4
1987	5
1988	1
1988	2
1988	3
1988	4
1989	1
1989	2
1989	3
1989	4
1990	1
1990	2
1990	3
1992	1
1992	2
1992	3
1992	4
1992	5
1994	1
1994	2
1994	3
1994	4
1995	1
1995	2
1995	3
1996	1
1996	2
1996	3
1996	4
1996	5
1997	1
1997	2
1997	3
1997	4
1997	5
1998	1
1998	2
1998	3
1998	4
1998	5
1999	1
1999	2
2001	1
2001	2
2001	3
2002	1
2002	2
2002	3
2002	4
2002	5
2003	1
2003	2
2003	3
2003	4
2003	5
2004	1
2004	2
2005	1
2006	1
2006	2
2006	3
2006	4
2006	5
2008	1
2008	2
2009	1
2009	2
2009	3
2009	4
2010	1
2010	2
2010	3
2010	4
2010	5
2011	1
2011	2
2011	3
2012	1
2013	1
2013	2
2014	1
2014	2
2015	1
2015	2
2015	3
2016	1
2016	2
2016	3
2017	1
2017	2
2017	3
2017	4
2017	5
2018	1
2018	2
2018	3
2019	1
2019	2
2019	3
2019	4
2020	1
2020	2
2020	3
2020	4
2020	5
2022	1
2022	2
2022	3
2022	4
2022	5
2023	1
2023	2
2024	1
2024	2
2026	1
2026	2
2026	3
2026	4
2026	5
2027	1
2027	2
2027	3
2027	4
2028	1
2028	2
2029	1
2029	2
2029	3
2029	4
2030	1
2030	2
2030	3
2030	4
2031	1
2032	1
2032	2
2032	3
2033	1
2033	2
2033	3
2034	1
2034	2
2034	3
2038	1
2039	1
2039	2
2039	3
2041	1
2041	2
2041	3
2041	4
2043	1
2043	2
2043	3
2044	1
2044	2
2046	1
2046	2
2046	3
2046	4
2046	5
2047	1
2047	2
2047	3
2047	4
2047	5
2048	1
2048	2
2048	3
2049	1
2050	1
2050	2
2050	3
2050	4
2050	5
2051	1
2051	2
2051	3
2052	1
2052	2
2052	3
2053	1
2053	2
2053	3
2055	1
2055	2
2056	1
2057	1
2057	2
2058	1
2058	2
2058	3
2058	4
2059	1
2059	2
2059	3
2060	1
2060	2
2060	3
2060	4
2061	1
2062	1
2062	2
2062	3
2063	1
2063	2
2063	3
2063	4
2064	1
2065	1
2065	2
2065	3
2065	4
2065	5
2066	1
2066	2
2067	1
2067	2
2067	3
2067	4
2067	5
2068	1
2068	2
2068	3
2069	1
2069	2
2069	3
2070	1
2070	2
2070	3
2070	4
2070	5
2071	1
2072	1
2073	1
2073	2
2073	3
2073	4
2073	5
2074	1
2074	2
2074	3
2074	4
2075	1
2075	2
2078	1
2078	2
2079	1
2079	2
2079	3
2079	4
2080	1
2080	2
2080	3
2080	4
2081	1
2081	2
2082	1
2083	1
2083	2
2083	3
2083	4
2084	1
2084	2
2085	1
2085	2
2086	1
2086	2
2087	1
2087	2
2087	3
2087	4
2087	5
2088	1
2088	2
2088	3
2088	4
2088	5
2089	1
2089	2
2089	3
2089	4
2089	5
2090	1
2092	1
2092	2
2094	1
2094	2
2094	3
2094	4
2096	1
2096	2
2096	3
2096	4
2097	1
2097	2
2097	3
2098	1
2099	1
2099	2
2100	1
2101	1
2101	2
2101	3
2101	4
2102	1
2102	2
2103	1
2103	2
2104	1
2104	2
2105	1
2106	1
2106	2
2106	3
2107	1
2107	2
2107	3
2107	4
2108	1
2108	2
2108	3
2109	1
2109	2
2111	1
2111	2
2111	3
2111	4
2112	1
2112	2
2112	3
2113	1
2113	2
2114	1
2114	2
2114	3
2115	1
2116	1
2116	2
2116	3
2116	4
2116	5
2117	1
2117	2
2118	1
2118	2
2121	1
2121	2
2121	3
2121	4
2122	1
2122	2
2122	3
2122	4
2122	5
2124	1
2125	1
2125	2
2125	3
2125	4
2125	5
2126	1
2126	2
2126	3
2127	1
2128	1
2128	2
2128	3
2128	4
2129	1
2129	2
2129	3
2129	4
2132	1
2132	2
2133	1
2134	1
2134	2
2134	3
2134	4
2135	1
2135	2
2135	3
2135	4
2135	5
2136	1
2136	2
2138	1
2139	1
2139	2
2139	3
2139	4
2140	1
2140	2
2140	3
2141	1
2141	2
2141	3
2141	4
2141	5
2142	1
2142	2
2142	3
2143	1
2143	2
2144	1
2144	2
2144	3
2145	1
2145	2
2145	3
2145	4
2146	1
2147	1
2147	2
2147	3
2147	4
2148	1
2149	1
2149	2
2149	3
2150	1
2150	2
2151	1
2151	2
2151	3
2151	4
2151	5
2152	1
2152	2
2152	3
2152	4
2152	5
2153	1
2153	2
2153	3
2153	4
2154	1
2154	2
2154	3
2154	4
2154	5
2155	1
2156	1
2157	1
2157	2
2157	3
2157	4
2157	5
2158	1
2158	2
2159	1
2159	2
2159	3
2159	4
2159	5
2160	1
2160	2
2160	3
2160	4
2160	5
2161	1
2161	2
2161	3
2162	1
2162	2
2163	1
2163	2
2163	3
2163	4
2163	5
2164	1
2165	1
2165	2
2166	1
2166	2
2166	3
2166	4
2166	5
2167	1
2168	1
2168	2
2169	1
2169	2
2169	3
2169	4
2170	1
2170	2
2170	3
2170	4
2171	1
2172	1
2172	2
2172	3
2173	1
2174	1
2175	1
2176	1
2176	2
2176	3
2176	4
2176	5
2177	1
2177	2
2177	3
2178	1
2178	2
2178	3
2178	4
2178	5
2179	1
2179	2
2179	3
2179	4
2181	1
2181	2
2181	3
2181	4
2182	1
2182	2
2182	3
2183	1
2183	2
2184	1
2184	2
2185	1
2185	2
2185	3
2185	4
2185	5
2186	1
2188	1
2189	1
2190	1
2191	1
2191	2
2191	3
2192	1
2192	2
2192	3
2192	4
2192	5
2193	1
2193	2
2194	1
2196	1
2196	2
2196	3
2201	1
2201	2
2201	3
2201	4
2201	5
2202	1
2202	2
2202	3
2202	4
2202	5
2205	1
2205	2
2205	3
2205	4
2206	1
2206	2
2206	3
2206	4
2207	1
2207	2
2207	3
2207	4
2208	1
2208	2
2208	3
2208	4
2209	1
2209	2
2210	1
2211	1
2211	2
2212	1
2212	2
2212	3
2212	4
2213	1
2213	2
2213	3
2216	1
2216	2
2216	3
2216	4
2217	1
2217	2
2217	3
2218	1
2218	2
2218	3
2218	4
2218	5
2220	1
2221	1
2221	2
2221	3
2221	4
2222	1
2222	2
2223	1
2223	2
2223	3
2223	4
2223	5
2224	1
2224	2
2224	3
2224	4
2226	1
2226	2
2227	1
2227	2
2227	3
2228	1
2228	2
2228	3
2229	1
2230	1
2230	2
2230	3
2230	4
2231	1
2231	2
2231	3
2232	1
2234	1
2235	1
2235	2
2235	3
2235	4
2235	5
2236	1
2236	2
2236	3
2236	4
2240	1
2240	2
2241	1
2241	2
2241	3
2241	4
2241	5
2242	1
2242	2
2242	3
2242	4
2243	1
2243	2
2243	3
2243	4
2244	1
2244	2
2244	3
2244	4
2244	5
2245	1
2245	2
2245	3
2246	1
2246	2
2246	3
2246	4
2246	5
2247	1
2247	2
2247	3
2247	4
2247	5
2248	1
2248	2
2248	3
2248	4
2249	1
2249	2
2249	3
2250	1
2250	2
2250	3
2250	4
2250	5
2251	1
2251	2
2253	1
2253	2
2253	3
2253	4
2255	1
2255	2
2255	3
2255	4
2256	1
2256	2
2256	3
2257	1
2257	2
2257	3
2258	1
2259	1
2259	2
2259	3
2259	4
2260	1
2260	2
2261	1
2261	2
2261	3
2261	4
2261	5
2262	1
2262	2
2262	3
2263	1
2263	2
2263	3
2264	1
2264	2
2264	3
2264	4
2264	5
2265	1
2265	2
2265	3
2266	1
2266	2
2266	3
2266	4
2266	5
2267	1
2268	1
2269	1
2269	2
2269	3
2270	1
2270	2
2270	3
2270	4
2271	1
2272	1
2272	2
2272	3
2272	4
2272	5
2274	1
2275	1
2275	2
2275	3
2275	4
2276	1
2276	2
2276	3
2276	4
2276	5
2277	1
2277	2
2279	1
2279	2
2279	3
2279	4
2281	1
2281	2
2281	3
2281	4
2282	1
2282	2
2282	3
2283	1
2283	2
2283	3
2283	4
2283	5
2284	1
2285	1
2285	2
2285	3
2285	4
2285	5
2286	1
2286	2
2286	3
2286	4
2287	1
2288	1
2288	2
2288	3
2288	4
2289	1
2289	2
2289	3
2290	1
2290	2
2290	3
2290	4
2290	5
2291	1
2291	2
2292	1
2292	2
2292	3
2292	4
2292	5
2293	1
2294	1
2294	2
2294	3
2294	4
2294	5
2295	1
2295	2
2295	3
2295	4
2295	5
2297	1
2297	2
2297	3
2297	4
2298	1
2298	2
2298	3
2298	4
2300	1
2300	2
2300	3
2300	4
2302	1
2302	2
2303	1
2303	2
2303	3
2303	4
2303	5
2304	1
2304	2
2305	1
2305	2
2306	1
2306	2
2306	3
2309	1
2309	2
2309	3
2310	1
2310	2
2310	3
2310	4
2310	5
2311	1
2311	2
2312	1
2312	2
2312	3
2312	4
2313	1
2313	2
2314	1
2314	2
2315	1
2315	2
2315	3
2315	4
2316	1
2316	2
2316	3
2318	1
2318	2
2319	1
2319	2
2320	1
2320	2
2321	1
2322	1
2322	2
2323	1
2323	2
2323	3
2323	4
2323	5
2324	1
2324	2
2325	1
2325	2
2325	3
2325	4
2326	1
2326	2
2326	3
2326	4
2327	1
2329	1
2329	2
2329	3
2331	1
2331	2
2331	3
2331	4
2332	1
2333	1
2334	1
2334	2
2334	3
2334	4
2335	1
2335	2
2335	3
2335	4
2337	1
2337	2
2337	3
2337	4
2337	5
2338	1
2338	2
2338	3
2338	4
2338	5
2339	1
2339	2
2341	1
2341	2
2342	1
2342	2
2343	1
2344	1
2344	2
2344	3
2345	1
2346	1
2346	2
2346	3
2347	1
2348	1
2349	1
2349	2
2349	3
2349	4
2351	1
2351	2
2351	3
2352	1
2352	2
2352	3
2353	1
2354	1
2354	2
2354	3
2355	1
2356	1
2357	1
2357	2
2357	3
2357	4
2357	5
2358	1
2358	2
2358	3
2359	1
2359	2
2359	3
2359	4
2360	1
2362	1
2362	2
2362	3
2363	1
2363	2
2364	1
2364	2
2364	3
2364	4
2365	1
2365	2
2365	3
2366	1
2366	2
2366	3
2367	1
2368	1
2368	2
2368	3
2368	4
2368	5
2369	1
2369	2
2369	3
2369	4
2369	5
2370	1
2370	2
2370	3
2371	1
2371	2
2371	3
2371	4
2371	5
2372	1
2374	1
2374	2
2374	3
2374	4
2375	1
2376	1
2376	2
2376	3
2376	4
2376	5
2378	1
2378	2
2379	1
2379	2
2380	1
2380	2
2380	3
2381	1
2381	2
2381	3
2382	1
2382	2
2382	3
2382	4
2382	5
2384	1
2384	2
2384	3
2385	1
2385	2
2387	1
2387	2
2390	1
2390	2
2390	3
2391	1
2391	2
2392	1
2393	1
2393	2
2394	1
2394	2
2394	3
2394	4
2394	5
2395	1
2395	2
2396	1
2396	2
2396	3
2396	4
2397	1
2397	2
2398	1
2398	2
2398	3
2399	1
2400	1
2400	2
2401	1
2401	2
2401	3
2402	1
2403	1
2403	2
2405	1
2405	2
2405	3
2406	1
2406	2
2406	3
2406	4
2406	5
2407	1
2407	2
2407	3
2407	4
2408	1
2408	2
2408	3
2408	4
2409	1
2409	2
2409	3
2410	1
2410	2
2412	1
2412	2
2412	3
2412	4
2414	1
2414	2
2414	3
2415	1
2415	2
2416	1
2417	1
2417	2
2417	3
2419	1
2419	2
2419	3
2419	4
2421	1
2421	2
2421	3
2422	1
2422	2
2423	1
2423	2
2423	3
2423	4
2423	5
2424	1
2425	1
2425	2
2428	1
2428	2
2428	3
2429	1
2429	2
2429	3
2429	4
2430	1
2430	2
2430	3
2431	1
2432	1
2432	2
2432	3
2433	1
2433	2
2433	3
2434	1
2434	2
2434	3
2434	4
2434	5
2435	1
2435	2
2435	3
2436	1
2436	2
2436	3
2436	4
2436	5
2437	1
2437	2
2438	1
2439	1
2439	2
2439	3
2439	4
2439	5
2440	1
2440	2
2440	3
2440	4
2441	1
2441	2
2442	1
2443	1
2444	1
2444	2
2445	1
2445	2
2445	3
2445	4
2445	5
2447	1
2447	2
2447	3
2447	4
2447	5
2448	1
2448	2
2449	1
2449	2
2451	1
2452	1
2453	1
2453	2
2453	3
2454	1
2454	2
2454	3
2454	4
2456	1
2456	2
2456	3
2457	1
2457	2
2457	3
2458	1
2458	2
2458	3
2458	4
2459	1
2459	2
2459	3
2459	4
2459	5
2460	1
2460	2
2461	1
2462	1
2462	2
2462	3
2462	4
2462	5
2463	1
2463	2
2463	3
2464	1
2464	2
2464	3
2464	4
2466	1
2466	2
2466	3
2466	4
2466	5
2467	1
2467	2
2467	3
2467	4
2467	5
2468	1
2468	2
2469	1
2469	2
2469	3
2470	1
2471	1
2471	2
2471	3
2472	1
2473	1
2473	2
2475	1
2475	2
2476	1
2476	2
2476	3
2476	4
2476	5
2478	1
2479	1
2479	2
2480	1
2480	2
2481	1
2481	2
2481	3
2481	4
2481	5
2482	1
2482	2
2484	1
2484	2
2485	1
2485	2
2485	3
2485	4
2487	1
2487	2
2487	3
2488	1
2488	2
2489	1
2489	2
2489	3
2489	4
2490	1
2490	2
2490	3
2490	4
2490	5
2491	1
2491	2
2491	3
2491	4
2492	1
2492	2
2493	1
2493	2
2493	3
2493	4
2493	5
2494	1
2495	1
2495	2
2495	3
2495	4
2496	1
2496	2
2496	3
2497	1
2497	2
2497	3
2497	4
2497	5
2498	1
2498	2
2498	3
2498	4
2498	5
2499	1
2499	2
2500	1
2500	2
2500	3
2500	4
2501	1
2501	2
2502	1
2502	2
2502	3
2502	4
2502	5
2504	1
2504	2
2504	3
2504	4
2504	5
2505	1
2505	2
2505	3
2505	4
2505	5
2506	1
2506	2
2506	3
2506	4
2506	5
2507	1
2508	1
2510	1
2510	2
2510	3
2511	1
2511	2
2511	3
2511	4
2511	5
2512	1
2512	2
2512	3
2512	4
2512	5
2514	1
2514	2
2514	3
2514	4
2514	5
2515	1
2515	2
2515	3
2518	1
2518	2
2518	3
2518	4
2518	5
2519	1
2519	2
2519	3
2520	1
2520	2
2520	3
2520	4
2520	5
2523	1
2523	2
2524	1
2524	2
2524	3
2524	4
2526	1
2526	2
2528	1
2528	2
2528	3
2528	4
2529	1
2529	2
2529	3
2529	4
2529	5
2531	1
2531	2
2533	1
2533	2
2534	1
2534	2
2535	1
2535	2
2537	1
2537	2
2537	3
2537	4
2537	5
2541	1
2541	2
2541	3
2541	4
2541	5
2543	1
2543	2
2544	1
2544	2
2544	3
2547	1
2547	2
2548	1
2550	1
2551	1
2551	2
2551	3
2551	4
2552	1
2553	1
2555	1
2555	2
2556	1
2556	2
2556	3
2557	1
2557	2
2557	3
2558	1
2559	1
2559	2
2559	3
2563	1
2563	2
2563	3
2563	4
2563	5
2565	1
2565	2
2565	3
2565	4
2565	5
2567	1
2567	2
2567	3
2567	4
2567	5
2568	1
2569	1
2570	1
2570	2
2570	3
2570	4
2570	5
2572	1
2572	2
2573	1
2573	2
2573	3
2573	4
2573	5
2574	1
2574	2
2574	3
2574	4
2575	1
2575	2
2575	3
2575	4
2576	1
2576	2
2576	3
2576	4
2577	1
2579	1
2580	1
2580	2
2580	3
2580	4
2580	5
2581	1
2581	2
2581	3
2582	1
2582	2
2582	3
2584	1
2585	1
2585	2
2585	3
2586	1
2586	2
2586	3
2587	1
2587	2
2587	3
2589	1
2589	2
2589	3
2589	4
2590	1
2590	2
2590	3
2593	1
2593	2
2593	3
2593	4
2594	1
2594	2
2594	3
2594	4
2594	5
2596	1
2596	2
2597	1
2597	2
2597	3
2597	4
2598	1
2599	1
2599	2
2599	3
2600	1
2600	2
2600	3
